Planar_fit_results
Number_of_selected_wind_sectors:  12
Minimum_number_of_data_per_wind_sector:  100
Maximum_average_vertical_wind_component_(m/s):  0.10
Minimum_average_horizontal_wind_component_(m/s):  0.20
Beginning_of_planar_fit_determination_period: 2023-05-10
End_of_planar_fit_determination_period: 2023-12-12

Fitting planes coefficients
 WindSector       Degrees               B0            B1            B2
          1        0-  30        0.0240780    -0.0828454    -0.0430356
          2       30-  60        0.0116113    -0.1111405    -0.0224057
          3       60-  90        0.0195234    -0.1033459    -0.0406917
          4       90- 120        0.0201220    -0.0130827    -0.0555355
          5      120- 150        0.0079976    -0.0006392    -0.0446347
          6      150- 180        0.0127268    -0.0363006    -0.0275108
          7      180- 210        0.0221560    -0.0490342    -0.1082606
          8      210- 240        0.0273235    -0.0322593    -0.0637626
          9      240- 270        0.0399508    -0.0363527    -0.0429648
         10      270- 300        0.0344815    -0.0114875    -0.0639778
         11      300- 330        0.0309056    -0.0484540    -0.0610718
         12      330- 360        0.0288270    -0.0722757    -0.0379060

Rotation matrices
Sector number  1; angle:    0 -  30  sector numerosity:  458
    0.996592    -0.003547    -0.082410
    0.000000     0.999075    -0.042996
    0.082487     0.042849     0.995671
Sector number  2; angle:   30 -  60  sector numerosity:  331
    0.993884    -0.002474    -0.110405
    0.000000     0.999749    -0.022400
    0.110433     0.022263     0.993634
Sector number  3; angle:   60 -  90  sector numerosity:  429
    0.994711    -0.004176    -0.102629
    0.000000     0.999173    -0.040658
    0.102714     0.040443     0.993888
Sector number  4; angle:   90 - 120  sector numerosity:  573
    0.999915    -0.000724    -0.013041
    0.000000     0.998461    -0.055450
    0.013062     0.055445     0.998376
Sector number  5; angle:  120 - 150  sector numerosity: 1060
    1.000000    -0.000028    -0.000638
    0.000000     0.999005    -0.044590
    0.000639     0.044590     0.999005
Sector number  6; angle:  150 - 180  sector numerosity: 1374
    0.999342    -0.000997    -0.036249
    0.000000     0.999622    -0.027500
    0.036263     0.027482     0.998964
Sector number  7; angle:  180 - 210  sector numerosity: 1700
    0.998814    -0.005241    -0.048409
    0.000000     0.994191    -0.107632
    0.048692     0.107504     0.993012
Sector number  8; angle:  210 - 240  sector numerosity: 2133
    0.999482    -0.002048    -0.032112
    0.000000     0.997973    -0.063633
    0.032177     0.063600     0.997457
Sector number  9; angle:  240 - 270  sector numerosity:  467
    0.999341    -0.001558    -0.036262
    0.000000     0.999078    -0.042925
    0.036295     0.042897     0.998420
Sector number 10; angle:  270 - 300  sector numerosity:  224
    0.999934    -0.000732    -0.011440
    0.000000     0.997960    -0.063847
    0.011463     0.063843     0.997894
Sector number 11; angle:  300 - 330  sector numerosity:  249
    0.998833    -0.002945    -0.048218
    0.000000     0.998140    -0.060958
    0.048307     0.060887     0.996975
Sector number 12; angle:  330 - 360  sector numerosity:  501
    0.997402    -0.002729    -0.071985
    0.000000     0.999282    -0.037879
    0.072036     0.037780     0.996686
